Results;
7,157936;
7,01987;
7,152552;
7,455441;
7,120216;
7,09447;
7,033182;
7,800848;
7,125586;
7,196707;
7,151536;
7,21926;
7,979934;
7,411758;
7,124217;
7,367227;
7,826952;
7,765558;
7,777312;
7,722148;
7,108571;
7,656220;
7,584032;
7,488402;
7,819408;
7,263111;
7,747577;
7,946466;
7,154921;
7,433716;
7,476075;
7,323522;
7,891614;
7,016569;
7,572331;
7,196289;
7,127949;
7,202704;
7,956280;
7,599125;
7,608306;
7,043762;
7,177959;
7,202051;
7,491867;
7,910654;
7,591254;
7,129158;
7,438599;
7,212670;
7,969440;
7,313796;
7,311035;
7,540623;
7,833571;
7,855003;
7,276344;
7,233088;
7,278889;
7,185199;
7,068922;
7,601825;
7,333332;
7,842188;
7,260915;
7,854147;
7,503592;
7,427611;
7,238230;
7,619505;
7,480612;
7,892886;
7,543709;
7,746531;
7,574770;
7,105955;
7,665308;
7,353209;
7,000284;
7,394072;
7,334210;
7,105311;
7,179441;
7,698110;
7,982958;
7,558806;
7,036552;
7,084387;
7,387751;
7,751109;
7,654183;
7,999943;
7,710489;
7,613856;
7,938495;
7,521061;
7,190416;
7,004478;
7,161461;
7,781104;
7,869950;
7,050878;
7,577278;
7,536431;
7,255528;
7,561254;
7,260702;
7,658947;
7,403036;
7,489965;
7,905935;
7,735296;
7,738347;
7,465517;
7,643585;
7,920009;
7,058197;
7,732519;
7,082973;
7,492688;
7,845421;
7,169730;
7,363710;
7,516227;
7,351131;
7,518697;
7,632177;
7,459465;
7,354474;
7,605540;
7,774054;
7,663385;
7,295819;
7,802408;
7,388269;
7,319907;
7,730707;
7,923681;
7,057881;
7,332983;
7,554529;
7,067810;
7,418179;
7,005507;
7,964390;
7,010825;
7,013643;
7,150241;
7,139700;
7,100696;
7,460003;
7,296785;
7,852474;
7,780934;
7,665597;
7,013191;
7,972715;
7,163570;
7,378143;
7,998587;
7,457738;
7,278292;
7,748682;
7,467037;
7,718948;
7,147780;
7,235864;
7,445464;
7,716682;
7,462903;
7,650953;
7,812150;
7,302171;
7,297033;
7,616766;
7,274503;
7,995373;
7,183450;
7,019733;
7,347660;
7,996747;
7,760511;
7,908404;
7,744605;
7,478129;
7,732541;
7,965849;
7,761283;
7,061602;
7,586830;
7,674074;
7,009123;
7,100885;
7,206866;
7,691557;
7,259855;
7,460357;
7,160980;
7,742349;
7,410407;
7,417167;
7,825783;
7,998093;
7,520443;
7,165188;
7,576503;
7,340413;
7,512474;
7,502555;
7,866486;
7,716642;
7,852712;
7,925017;
7,641591;
7,559837;
7,530240;
7,565638;
7,451698;
7,822191;
7,792731;
7,092462;
7,783516;
7,845251;
7,930452;
7,345860;
7,238333;
7,917070;
7,976928;
7,027086;
7,940272;
7,235116;
7,452092;
7,164047;
7,071849;
7,380872;
7,575795;
7,230441;
7,784531;
7,571874;
7,309605;
7,883643;
7,801672;
7,425818;
7,045952;
7,134983;
7,882442;
7,303015;
7,104144;
7,371566;
7,255098;
7,704128;
7,267352;
7,593469;
7,280223;
7,408625;
7,134327;
7,365637;
7,373360;
7,483399;
7,955876;
7,785136;
7,203304;
7,212431;
7,933757;
7,822750;
7,317684;
7,113134;
7,554909;
7,922937;
7,705481;
7,715446;
7,775009;
7,739620;
7,602843;
7,233460;
7,808991;
7,706658;
7,454953;
7,844113;
7,531281;
7,213030;
7,217446;
7,396343;
7,163140;
7,836143;
7,058825;
7,526602;
7,284339;
7,618740;
7,058836;
7,468379;
7,759319;
7,912007;
7,956865;
7,289486;
7,004843;
7,410745;
7,202522;
7,741943;
7,737199;
7,628627;
7,631573;
7,184216;
7,080918;
7,679728;
7,433206;
7,728736;
7,727938;
7,833139;
7,049337;
7,392909;
7,024824;
7,076474;
7,212066;
7,275466;
7,309874;
7,758024;
7,513341;
7,207861;
7,807297